<?xml version="1.0"?>
<opencv_storage>
<images type_id="opencv-matrix">
  <rows>6</rows>
  <cols>600</cols>
  <dt>f</dt>
  <data>
    0. 0. 0. 0. 0. 0. 6. 8. 218. 255. 255. 255. 191. 0. 0. 0. 0. 0. 0.
    0. 0. 0. 0. 0. 11. 26. 175. 255. 255. 255. 255. 255. 191. 0. 0. 0.
    0. 0. 0. 0. 0. 0. 11. 42. 138. 255. 255. 255. 255. 255. 255. 255.
    191. 0. 0. 0. 0. 0. 0. 0. 3. 60. 108. 255. 255. 255. 255. 210. 246.
    255. 255. 255. 191. 0. 0. 0. 0. 0. 0. 0. 85. 255. 255. 255. 255.
    255. 205. 45. 152. 251. 255. 255. 191. 0. 0. 0. 0. 0. 0. 0. 255.
    255. 255. 255. 255. 203. 57. 0. 0. 242. 255. 255. 191. 0. 0. 0. 0.
    0. 0. 0. 255. 255. 255. 255. 205. 65. 0. 0. 0. 242. 255. 255. 191.
    0. 0. 0. 0. 0. 0. 0. 134. 255. 223. 128. 70. 0. 0. 0. 0. 242. 255.
    255. 191. 0. 0. 0. 0. 0. 0. 0. 5. 110. 83. 0. 0. 0. 0. 0. 123. 249.
    255. 255. 191. 0. 0. 0. 0. 0. 0. 0. 0. 0. 0. 0. 0. 0. 0. 0. 217.
    255. 255. 255. 191. 0. 0. 0. 0. 0. 0. 0. 0. 0. 0. 0. 0. 0. 0. 0.
    217. 255. 255. 255. 191. 0. 0. 0. 0. 0. 0. 0. 0. 0. 0. 0. 0. 0. 0.
    0. 217. 255. 255. 255. 191. 0. 0. 0. 0. 0. 0. 0. 0. 0. 0. 0. 0. 0.
    0. 0. 217. 255. 255. 255. 191. 0. 0. 0. 0. 0. 0. 0. 0. 0. 0. 0. 0.
    0. 0. 0. 217. 255. 255. 255. 191. 0. 0. 0. 0. 0. 0. 0. 0. 0. 0. 0.
    0. 0. 0. 0. 217. 255. 255. 255. 191. 0. 0. 0. 0. 0. 0. 0. 0. 0. 0.
    0. 0. 0. 0. 0. 217. 255. 255. 255. 191. 0. 0. 0. 0. 0. 0. 0. 0. 0.
    0. 0. 0. 0. 0. 0. 217. 255. 255. 255. 191. 0. 0. 0. 0. 0. 0. 0. 0.
    0. 0. 0. 0. 0. 0. 0. 217. 255. 255. 255. 191. 0. 0. 0. 0. 0. 0. 0.
    0. 0. 0. 0. 0. 0. 0. 0. 217. 255. 255. 255. 191. 0. 0. 0. 0. 0. 0.
    0. 0. 0. 0. 0. 0. 0. 0. 0. 217. 255. 255. 255. 191. 0. 0. 0. 0. 0.
    0. 0. 0. 0. 0. 0. 0. 0. 0. 0. 217. 255. 255. 255. 191. 0. 0. 0. 0.
    0. 0. 0. 0. 0. 0. 0. 0. 0. 0. 0. 217. 255. 255. 255. 191. 0. 0. 0.
    0. 0. 0. 0. 0. 0. 0. 0. 0. 0. 0. 0. 108. 249. 255. 255. 191. 0. 0.
    0. 0. 0. 0. 0. 0. 0. 0. 0. 0. 0. 0. 0. 0. 242. 255. 255. 191. 0. 0.
    0. 0. 0. 0. 0. 0. 0. 0. 0. 0. 0. 0. 0. 0. 242. 255. 255. 191. 0. 0.
    0. 0. 0. 0. 0. 0. 0. 0. 0. 0. 0. 0. 0. 0. 242. 255. 255. 191. 0. 0.
    0. 0. 0. 0. 0. 10. 195. 195. 195. 195. 195. 195. 195. 195. 252. 255.
    255. 240. 195. 195. 195. 195. 195. 195. 195. 13. 255. 255. 255. 255.
    255. 255. 255. 255. 255. 255. 255. 255. 255. 255. 255. 255. 255.
    255. 255. 13. 255. 255. 255. 255. 255. 255. 255. 255. 255. 255. 255.
    255. 255. 255. 255. 255. 255. 255. 255. 13. 255. 255. 255. 255. 255.
    255. 255. 255. 255. 255. 255. 255. 255. 255. 255. 255. 255. 255.
    255. 21. 255. 255. 255. 255. 255. 255. 255. 255. 255. 255. 255. 255.
    168. 8. 8. 3. 0. 0. 0. 231. 255. 255. 255. 255. 255. 255. 255. 255.
    255. 255. 255. 255. 255. 255. 255. 106. 6. 0. 0. 13. 255. 255. 255.
    255. 255. 255. 255. 255. 255. 255. 255. 255. 255. 255. 255. 255. 95.
    6. 0. 12. 255. 255. 255. 228. 195. 195. 195. 195. 195. 195. 195.
    210. 255. 255. 255. 255. 255. 38. 0. 13. 255. 255. 255. 140. 0. 0.
    0. 0. 0. 0. 0. 45. 205. 255. 255. 255. 255. 38. 0. 13. 255. 255.
    255. 140. 0. 0. 0. 0. 0. 0. 0. 0. 57. 203. 255. 255. 255. 118. 5.
    12. 255. 255. 255. 140. 0. 0. 0. 0. 0. 0. 0. 0. 0. 115. 255. 255.
    255. 255. 12. 13. 255. 255. 255. 140. 0. 0. 0. 0. 0. 0. 0. 0. 0.
    115. 255. 255. 255. 255. 13. 12. 255. 255. 255. 140. 0. 0. 0. 0. 0.
    0. 0. 0. 0. 115. 255. 255. 255. 132. 5. 13. 255. 255. 255. 140. 0.
    0. 0. 0. 0. 0. 0. 0. 57. 203. 255. 255. 255. 38. 0. 13. 255. 255.
    255. 140. 0. 0. 0. 0. 0. 0. 0. 0. 89. 255. 255. 255. 255. 38. 0. 12.
    255. 255. 255. 140. 0. 0. 0. 0. 0. 0. 29. 195. 216. 255. 255. 128.
    60. 9. 0. 13. 255. 255. 255. 236. 213. 213. 213. 213. 213. 213. 219.
    255. 255. 255. 138. 15. 0. 0. 0. 13. 255. 255. 255. 255. 255. 255.
    255. 255. 255. 255. 255. 255. 255. 152. 11. 0. 0. 0. 0. 13. 255.
    255. 255. 255. 255. 255. 255. 255. 255. 255. 255. 255. 255. 251.
    111. 0. 0. 0. 0. 13. 255. 255. 255. 251. 247. 247. 247. 247. 247.
    247. 248. 255. 255. 255. 255. 255. 70. 1. 0. 13. 255. 255. 255. 140.
    0. 0. 0. 0. 0. 0. 34. 229. 238. 255. 255. 255. 255. 60. 1. 13. 255.
    255. 255. 140. 0. 0. 0. 0. 0. 0. 0. 0. 74. 232. 255. 255. 255. 255.
    13. 12. 255. 255. 255. 140. 0. 0. 0. 0. 0. 0. 0. 0. 0. 88. 228. 255.
    255. 255. 12. 13. 255. 255. 255. 140. 0. 0. 0. 0. 0. 0. 0. 0. 0. 0.
    140. 255. 255. 255. 85. 13. 255. 255. 255. 140. 0. 0. 0. 0. 0. 0. 0.
    0. 0. 0. 140. 255. 255. 255. 255. 12. 255. 255. 255. 140. 0. 0. 0.
    0. 0. 0. 0. 0. 0. 0. 140. 255. 255. 255. 150. 13. 255. 255. 255.
    140. 0. 0. 0. 0. 0. 0. 0. 0. 0. 0. 140. 255. 255. 255. 13. 12. 255.
    255. 255. 140. 0. 0. 0. 0. 0. 0. 0. 0. 0. 65. 205. 255. 255. 255.
    12. 13. 255. 255. 255. 140. 0. 0. 0. 0. 0. 0. 0. 0. 57. 203. 255.
    255. 255. 255. 13. 13. 255. 255. 255. 140. 0. 0. 0. 0. 0. 0. 27.
    179. 205. 255. 255. 255. 255. 103. 4. 12. 255. 255. 255. 228. 195.
    195. 195. 195. 195. 195. 204. 255. 255. 255. 255. 255. 108. 9. 0.
    13. 255. 255. 255. 255. 255. 255. 255. 255. 255. 255. 255. 255. 255.
    255. 255. 117. 11. 0. 0. 231. 255. 255. 255. 255. 255. 255. 255.
    255. 255. 255. 255. 255. 255. 255. 129. 9. 0. 0. 0. 21. 255. 255.
    255. 255. 255. 255. 255. 255. 255. 255. 255. 193. 8. 8. 4. 0. 0. 0.
    0. 0. 0. 0. 0. 0. 0. 0. 255. 255. 255. 255. 255. 13. 0. 0. 0. 0. 0.
    0. 0. 0. 0. 0. 0. 0. 0. 0. 255. 255. 255. 255. 255. 255. 0. 0. 0. 0.
    0. 0. 0. 0. 0. 0. 0. 0. 0. 0. 255. 255. 255. 255. 255. 255. 0. 0. 0.
    0. 0. 0. 0. 0. 0. 0. 0. 0. 0. 54. 255. 255. 183. 255. 255. 255. 0.
    0. 0. 0. 0. 0. 0. 0. 0. 0. 0. 0. 0. 153. 255. 255. 51. 163. 255.
    255. 69. 0. 0. 0. 0. 0. 0. 0. 0. 0. 0. 0. 0. 153. 255. 199. 23. 51.
    255. 255. 153. 0. 0. 0. 0. 0. 0. 0. 0. 0. 0. 0. 33. 219. 255. 153.
    0. 51. 255. 255. 153. 0. 0. 0. 0. 0. 0. 0. 0. 0. 0. 0. 51. 255. 255.
    153. 0. 13. 179. 255. 230. 38. 0. 0. 0. 0. 0. 0. 0. 0. 0. 0. 51.
    255. 255. 153. 0. 0. 153. 255. 255. 51. 0. 0. 0. 0. 0. 0. 0. 0. 0.
    0. 245. 255. 255. 153. 0. 0. 153. 255. 255. 51. 0. 0. 0. 0. 0. 0. 0.
    0. 0. 0. 255. 255. 255. 0. 0. 0. 145. 255. 255. 255. 0. 0. 0. 0. 0.
    0. 0. 0. 0. 31. 255. 255. 255. 0. 0. 0. 0. 255. 255. 255. 0. 0. 0.
    0. 0. 0. 0. 0. 0. 204. 255. 255. 191. 0. 0. 0. 0. 255. 255. 255. 51.
    0. 0. 0. 0. 0. 0. 0. 0. 204. 255. 255. 0. 0. 0. 0. 0. 255. 255. 255.
    204. 0. 0. 0. 0. 0. 0. 0. 46. 227. 255. 255. 0. 0. 0. 0. 0. 140.
    255. 255. 204. 0. 0. 0. 0. 0. 0. 0. 102. 255. 255. 171. 0. 0. 0. 0.
    0. 0. 255. 255. 232. 56. 0. 0. 0. 0. 0. 0. 102. 255. 255. 102. 0. 0.
    0. 0. 0. 0. 156. 255. 255. 102. 0. 0. 0. 0. 0. 0. 217. 255. 217. 25.
    0. 0. 0. 0. 0. 0. 102. 255. 255. 102. 0. 0. 0. 0. 0. 0. 255. 255.
    204. 0. 0. 0. 0. 0. 0. 0. 102. 255. 255. 232. 0. 0. 0. 0. 0. 0. 255.
    255. 252. 242. 242. 242. 242. 242. 242. 242. 247. 255. 255. 255. 0.
    0. 0. 0. 0. 255. 255. 255. 255. 255. 255. 255. 255. 255. 255. 255.
    255. 255. 255. 255. 13. 0. 0. 0. 0. 255. 255. 255. 255. 255. 255.
    255. 255. 255. 255. 255. 255. 255. 255. 255. 255. 0. 0. 0. 38. 255.
    255. 255. 191. 191. 191. 191. 191. 191. 191. 191. 191. 191. 255.
    255. 255. 0. 0. 0. 153. 255. 255. 183. 0. 0. 0. 0. 0. 0. 0. 0. 0. 0.
    255. 255. 255. 54. 0. 0. 153. 255. 255. 51. 0. 0. 0. 0. 0. 0. 0. 0.
    0. 0. 255. 255. 255. 153. 0. 28. 209. 255. 255. 51. 0. 0. 0. 0. 0.
    0. 0. 0. 0. 0. 143. 255. 255. 153. 0. 51. 255. 255. 255. 51. 0. 0.
    0. 0. 0. 0. 0. 0. 0. 0. 51. 255. 255. 219. 33. 204. 255. 255. 255.
    51. 0. 0. 0. 0. 0. 0. 0. 0. 0. 0. 51. 255. 255. 255. 51. 255. 255.
    255. 168. 8. 0. 0. 0. 0. 0. 0. 0. 0. 0. 0. 51. 255. 255. 255. 224.
    61. 255. 255. 8. 0. 0. 0. 0. 0. 0. 0. 0. 0. 0. 0. 3. 13. 255. 255.
    61. 0. 1. 47. 255. 255. 255. 255. 255. 255. 255. 255. 255. 255. 94.
    17. 4. 0. 0. 0. 0. 1. 66. 255. 255. 255. 255. 255. 255. 255. 255.
    255. 255. 255. 255. 255. 97. 9. 0. 0. 0. 6. 255. 255. 255. 255. 255.
    255. 255. 255. 255. 255. 255. 255. 255. 255. 255. 115. 11. 0. 0. 6.
